Year,Category,UCB,UCD,UCI,UCLA,UCM,UCR,UCSD,UCSF,UCSB,UCSC,UWIDE,AddedTotals
2008,Part I Violent Crimes,206,31,54,121,6,69,22,36,31,24,677,600
2008,Part I Violent Crimes % Change (%),-6,-9,135,7,,116,5,80,-11,71,25.6,
2008,Part I Violent Crimes % Cleared (%),67,52,19,30,33,58,59,64,52,29,47.7,
2008,Part I Property Crimes,904,1051,463,869,37,366,518,302,520,304,5576,5334
2008,Part I Property Crimes % Change (%),6,47,4,-9,106,12,9,-25,4,22,8.5,
2008,Part I Property Crimes % Cleared (%),8,1,11,5,3,5,7,8,3,8,5.5,
2008,Part I Total Offenses,1110,1082,517,990,43,435,540,338,551,328,6253,5934
2008,Part I Total Offenses % Change (%),4,45,10,-7,95,21,9,-20,3,24,10.1,
2008,Part I Total Offenses % Cleared (%),19,2,12,8,7,13,9,14,6,9,10.1,
2008,Part II Total Offenses,994,618,567,606,45,474,486,180,735,454,5901,5159
2008,Part II Total Offenses % Change (%),5,17,70,-15,-2,103,-19,-22,-10,23,38.3,
2008,Part II Total Offenses % Cleared (%),62,24,35,57,44,70,84,37,82,44,55,
2008,Part I Violent Crime Arrests,93,7,0,24,0,28,2,5,17,4,181,180
2008,Part I Property Crime Arrests,55,10,51,51,0,18,35,26,25,16,322,287
2008,Part I Arrests ,148,17,51,75,0,46,37,31,42,20,503,467
2008,Part II Arrests,561,150,193,346,17,271,279,97,655,121,3005,2690
2008,Other Arrests,202,16,11,92,32,110,14,45,141,18,791,681
2008,Total Arrests,911,183,255,513,49,427,330,173,838,159,4299,3838
2008,Officers Assaulted,21,1,1,0,0,0,2,1,18,1,47,45
2008,Bias Motivated Cases,6,0,7,1,0,6,2,0,0,7,29,29
2008,Weapons Related Cases,134,3,15,35,1,16,8,5,12,2,234,231
2008,Domestic Violence Cases,12,7,12,5,0,7,29,3,8,7,95,90
2008,Alcohol Related Cases,250,53,83,148,0,84,400,0,374,74,1512,1466
2008,Non-Criminal Reports,1945,167,361,577,101,192,384,640,201,813,5559,5381
2008,Traffic Accidents,50,80,53,181,20,32,125,4,44,80,690,669
2008,Alarms,1676,2007,1238,1655,129,1416,1186,1440,686,592,12709,12025
2008,Stolen Property Value ($),540827,768804,552266,868396,22946,261494,556411,293144,209712,247613,4887737,4321613
2008,Recovered Property Value ($),108891,116471,111052,49722,0,65079,93384,32002,41446,34705,798347,652752
2008,Property Percent Recovered (%),20,15,20,6,0,25,17,11,20,14,16.3,
2009,Part I Violent Crimes,152,45,50,115,4,29,31,19,22,20,556,487
2009,Part I Violent Crimes % Change (%),,,,,,,,,,,,
2009,Part I Violent Crimes % Cleared (%),,,,,,,,,,,,
2009,Part I Property Crimes,867,735,460,1129,36,395,581,396,583,296,5666,5478
2009,Part I Property Crimes % Change (%),,,,,,,,,,,,
2009,Part I Property Crimes % Cleared (%),,,,,,,,,,,,
2009,Part I Total Offenses,1019,780,510,1244,40,424,612,415,605,316,6222,5965
2009,Part I Total Offenses % Change (%),,,,,,,,,,,,
2009,Part I Total Offenses % Cleared (%),,,,,,,,,,,,
2009,Part II Total Offenses,1312,700,319,749,31,316,442,245,660,240,5740,5014
2009,Part II Total Offenses % Change (%),,,,,,,,,,,,
2009,Part II Total Offenses % Cleared (%),,,,,,,,,,,,
2009,Part I Violent Crime Arrests,89,9,15,25,0,7,1,3,9,1,180,159
2009,Part I Property Crime Arrests,44,13,30,95,0,8,44,27,37,16,394,314
2009,Part I Arrests ,133,22,45,120,0,15,45,30,46,17,574,473
2009,Part II Arrests,961,244,187,481,9,147,191,118,602,104,3279,3044
2009,Other Arrests,238,25,6,83,5,44,12,92,108,8,712,621
2009,Total Arrests,1332,291,238,684,14,206,248,240,756,129,4565,4138
2009,Officers Assaulted,11,1,2,5,0,0,0,3,3,2,32,27
2009,Bias Motivated Cases,4,2,6,1,0,4,4,0,0,4,25,25
2009,Weapons Related Cases,96,3,13,37,0,6,2,4,10,4,181,175
2009,Domestic Violence Cases,7,3,21,0,1,4,26,5,9,5,84,81
2009,Alcohol Related Cases,482,43,82,127,0,77,350,35,352,68,1622,1616
2009,Non-Criminal Reports,1474,476,271,90,117,214,361,588,241,644,5315,4476
2009,Traffic Accidents,33,62,27,169,17,34,103,102,42,73,678,662
2009,Alarms,1739,2404,1306,716,140,1066,978,2342,695,511,12449,11897
2009,Stolen Property Value ($),457668,409871,301827,931067,16514,218468,749411,375960,221813,209846,4033993,3892445
2009,Recovered Property Value ($),92058,53844,41083,27184,15663,30391,152458,53931,41574,61142,588654,569328
2009,Property Percent Recovered (%),20,13,14,3,95,14,20,14,19,29,14.6,
2010,Part I Violent Crimes,140,36,41,92,2,43,19,37,24,21,544,455
2010,Part I Violent Crimes % Change (%),-8,-20,-18,-20,,48,-39,95,9,5,-2.16,
2010,Part I Violent Crimes % Cleared (%),61,31,27,27,100,65,68,57,46,48,51,
2010,Part I Property Crimes,900,753,436,858,18,320,506,240,453,216,4880,4700
2010,Part I Property Crimes % Change (%),4,2,-5,-24,-50,-19,-13,-39,-22,-27,-13.87,
2010,Part I Property Crimes % Cleared (%),7,3,6,9,11,3,5,7,5,6,6,
2010,Part I Total Offenses,1040,789,477,950,20,363,525,277,477,237,5424,5155
2010,Part I Total Offenses % Change (%),2,1,-6,-24,-50,-14,-14,-33,-21,-25,-12.83,
2010,Part I Total Offenses % Cleared (%),15,4,7,11,20,10,7,13,7,10,10,
2010,Part II Total Offenses,1132,633,355,652,38,262,393,229,713,214,5350,4621
2010,Part II Total Offenses % Change (%),-14,-10,11,-13,23,-17,-11,-7,8,-11,-6.79,
2010,Part II Total Offenses % Cleared (%),70,24,61,52,66,55,74,56,84,39,57,
2010,Part I Violent Crime Arrests,55,0,0,8,0,10,7,2,11,2,99,95
2010,Part I Property Crime Arrests,24,24,22,90,0,11,26,22,24,2,257,245
2010,Part I Arrests ,79,24,22,98,0,21,33,24,35,4,356,340
2010,Part II Arrests,724,171,282,376,25,122,88,138,718,94,2960,2738
2010,Other Arrests,200,14,41,71,8,30,12,318,130,10,890,834
2010,Total Arrests,1003,209,345,545,33,173,133,480,883,108,4206,3912
2010,Officers Assaulted,24,1,1,3,0,3,2,1,3,3,48,41
2010,Bias Motivated Cases,21,5,3,2,0,3,5,0,0,2,41,41
2010,Weapons Related Cases,28,4,27,12,0,6,9,6,9,4,116,105
2010,Domestic Violence Cases,4,2,17,2,0,7,8,7,8,5,63,60
2010,Alcohol Related Cases,465,82,177,118,1,60,278,0,406,62,1678,1649
2010,Non-Criminal Reports,1875,328,329,606,46,161,317,616,232,465,5507,4975
2010,Traffic Accidents,45,75,32,154,17,22,88,87,37,57,637,614
2010,Alarms,1242,1567,1453,1408,3,1206,1122,1821,615,526,11884,10963
2010,Stolen Property Value ($),705458,483636,279962,828158,5443,211973,574463,307063,224165,178666,3947766,3798987
2010,Recovered Property Value ($),105161,43964,53911,53493,4038,23951,80648,41189,33233,7691,452579,447279
2010,Property Percent Recovered (%),15,9,19,6,74,11,14,13,15,4,11.5,
2011,Part I Violent Crimes,115,38,63,86,2,35,53,23,25,13,520,453
2011,Part I Violent Crimes % Change (%),-18,6,54,-7,0,-19,179,-38,4,-38,-4,
2011,Part I Violent Crimes % Cleared (%),49,68,29,40,100,54,45,39,60,54,48,
2011,Part I Property Crimes,1022,687,462,831,32,317,554,311,381,192,5000,4789
2011,Part I Property Crimes % Change (%),14,-9,6,-3,78,-1,9,30,-16,-11,2,
2011,Part I Property Crimes % Cleared (%),3,3,10,8,12,5,9,8,4,6,6,
2011,Part I Total Offenses,1137,725,525,917,34,352,607,334,406,205,5520,5242
2011,Part I Total Offenses % Change (%),9,-8,10,-3,70,-3,16,21,-15,-14,2,
2011,Part I Total Offenses % Cleared (%),8,7,12,11,18,10,12,10,8,9,10,
2011,Part II Total Offenses,975,295,244,446,49,239,460,385,477,235,4083,3805
2011,Part II Total Offenses % Change (%),-14,-53,-31,-32,29,-9,17,68,-33,10,-24,
2011,Part II Total Offenses % Cleared (%),67,51,61,44,0,64,71,45,77,46,61,
2011,Part I Violent Crime Arrests,13,15,4,21,0,14,1,12,4,2,99,86
2011,Part I Property Crime Arrests,30,11,38,57,0,16,44,23,13,1,243,233
2011,Part I Arrests ,43,26,42,78,0,30,45,35,17,3,342,319
2011,Part II Arrests,771,174,160,222,10,127,238,374,403,94,2723,2573
2011,Other Arrests,280,19,16,166,21,27,34,129,57,9,807,758
2011,Total Arrests,1098,219,225,468,31,184,318,538,477,106,3886,3664
2011,Officers Assaulted,13,0,0,3,0,2,5,0,1,2,30,26
2011,Bias Motivated Cases,1,1,6,0,0,2,2,0,0,10,22,22
2011,Weapons Related Cases,35,6,4,8,0,3,4,4,6,3,81,73
2011,Domestic Violence Cases,4,4,26,10,1,5,17,5,6,5,89,83
2011,Alcohol Related Cases,370,120,33,7,2,96,325,0,203,15,1192,1171
2011,Non-Criminal Reports,342,388,295,201,130,150,377,666,240,243,3530,3032
2011,Traffic Accidents,16,59,45,123,20,34,106,76,36,61,604,576
2011,Alarms,1330,1486,1155,642,138,857,900,1638,591,475,10029,9212
2011,Stolen Property Value ($),"644,188","410,237",296140,680385,18127,256688,413127,310077,201041,160579,3523926,"3,390,589"
2011,Recovered Property Value ($),"42,599","84,445",46557,4709,550,124084,92148,13348,21955,38488,493060,"468,883"
2011,Property Percent Recovered (%),7,21,16,1,3,48,22,4,11,24,14,
2012,Part I Violent Crimes,102,39,43,115,7,44,60,49,30,19,612,508
2012,Part I Violent Crimes % Change (%),-11,3,-31,34,0,26,13,113,20,46,17,
2012,Part I Violent Crimes % Cleared (%),38,41,51,34,43,73,67,65,40,42,50,
2012,Part I Property Crimes,1134,703,423,923,53,413,464,466,377,282,5441,5238
2012,Part I Property Crimes % Change (%),11,2,-17,11,66,30,-16,50,-1,47,8,
2012,Part I Property Crimes % Cleared (%),3,1,7,6,11,2,6,8,6,3,5,
2012,Part I Total Offenses,1236,742,466,1038,60,457,524,515,407,301,6053,5746
2012,Part I Total Offenses % Change (%),9,2,-19,13,76,30,-14,54,0,47,9,
2012,Part I Total Offenses % Cleared (%),6,3,11,9,15,9,13,13,9,6,9,
2012,Part II Total Offenses,1552,390,246,499,31,257,384,620,430,395,5187,4804
2012,Part II Total Offenses % Change (%),59,32,1,12,-37,8,-17,61,-10,68,27,
2012,Part II Total Offenses % Cleared (%),41,44,50,37,13,64,67,30,74,21,47,
2012,Part I Violent Crime Arrests,2,4,1,10,0,25,4,4,14,4,70,68
2012,Part I Property Crime Arrests,31,10,17,63,5,16,25,26,28,8,238,229
2012,Part I Arrests ,33,14,18,73,5,41,29,30,42,12,308,297
2012,Part II Arrests,718,180,150,178,12,113,132,135,369,88,2329,2075
2012,Other Arrests,196,26,7,134,27,53,21,148,71,17,769,700
2012,Total Arrests,850,220,177,386,44,207,182,313,483,117,3313,2979
2012,Officers Assaulted,13,2,5,4,0,7,0,0,2,1,37,34
2012,Bias Motivated Cases,13,0,2,16,0,4,1,1,0,0,38,37
2012,Weapons Related Cases,46,10,3,2,0,15,5,8,13,6,118,108
2012,Domestic Violence Cases,6,4,24,5,2,9,30,4,11,7,108,102
2012,Alcohol Related Cases,356,136,38,9,0,42,270,46,186,21,1137,1104
2012,Non-Criminal Reports,2078,421,373,191,139,253,414,765,295,311,5843,5240
2012,Traffic Accidents,10,44,27,113,23,26,105,74,52,39,537,513
2012,Alarms,3339,1545,1062,979,162,1208,802,1366,668,596,12661,11727
2012,Stolen Property Value ($),760135,518068,428381,840413,36930,346435,424570,406404,208100,183747,4400195,4153183
2012,Recovered Property Value ($),89545,47358,76984,7763,4862,93255,87083,28121,49133,8460,533741,492564
2012,Property Percent Recovered (%),12,9,18,1,13,27,21,7,24,5,12,
2012,Total Population,54035,54239,37728,81000,8275,27793,49464,27271,26395,24016,,390216
2012,Police Ratio,1.24,0.48,0.74,0.65,1.33,0.94,0.69,1.91,0.87,0.75,,
2013,Part I Violent Crimes,45,10,9,86,0,9,7,8,19,9,207,202
2013,Part I Violent Crimes % Change (%),36,-29,0,37,0,-18,0,-43,11,0,19,
2013,Part I Violent Crimes % Cleared (%),44,40,56,12,,56,43,62,58,56,34,
2013,Part I Property Crimes,971,655,379,943,42,244,775,395,289,275,5226,4968
2013,Part I Property Crimes % Change (%),-14,-7,-10,2,-21,-41,67,-15,-23,-2,-4,
2013,Part I Property Crimes % Cleared (%),2,2,11,4,0,8,5,9,4,15,6,
2013,Part I Total Offenses,1016,665,388,1029,42,253,782,403,308,284,5433,5170
2013,Part I Total Offenses % Change (%),-13,-7,-10,4,-21,-40,66,-16,-20,-1,-3,
2013,Part I Total Offenses % Cleared (%),4,3,12,5,0,9,5,10,8,16,7,
2013,Part II Total Offenses,1400,333,342,593,59,426,597,438,555,423,5943,5166
2013,Part II Total Offenses % Change (%),-14,-20,22,8,55,47,37,-33,23,4,6,
2013,Part II Total Offenses % Cleared (%),66,50,69,16,37,71,69,69,80,17,61,
2013,Part I Violent Crime Arrests,17,3,2,31,0,19,3,5,25,1,109,106
2013,Part I Property Crime Arrests,20,8,23,36,0,26,37,22,7,8,209,187
2013,Part I Arrests ,37,11,25,67,0,45,40,27,32,9,318,293
2013,Part II Arrests,474,147,162,187,13,218,246,209,476,63,2681,2195
2013,Other Arrests,165,36,22,158,21,57,47,246,36,9,870,797
2013,Total Arrests,692,194,216,412,34,322,333,482,544,81,3894,3310
2013,Officers Assaulted,3,1,2,16,0,1,0,0,6,4,40,33
2013,Bias Motivated Cases,8,3,5,6,0,4,1,1,0,1,29,29
2013,Weapons Related Cases,38,12,10,59,0,19,14,15,14,3,195,184
2013,Domestic Violence Cases,8,4,32,4,0,7,16,7,5,9,96,92
2013,Alcohol Related Cases,291,123,166,54,0,97,352,32,295,14,1459,1424
2013,Non-Criminal Reports,1819,491,474,228,186,265,466,746,339,340,5935,5354
2013,Traffic Accidents,15,65,100,98,22,46,103,65,41,55,654,610
2013,Alarms,1792,1569,1179,1688,108,1164,787,1381,470,685,11915,10823
2013,Stolen Property Value ($),430054,529249,468711,918469,17091,186964,636830,355931,167660,183123,4112942,3894082
2013,Recovered Property Value ($),6411,68193,152604,69683,2869,41749,118608,44262,55589,29271,597887,589239
2013,Property Percent Recovered (%),1,13,33,8,17,22,19,12,33,16,15,
2013,Total Population,57883,62647,42726,84393,8319,28830,56711,27106,32239,25054,,
2013,Police Ratio,1.16,0.38,0.77,0.62,1.44,0.9,0.63,2.07,0.74,0.76,,
2014,Part I Violent Crimes,42,17,13,116,0,6,4,10,16,14,261,238
2014,Part I Violent Crimes % Change (%),-7,70,44,35,0,0,0,25,-16,56,26,
2014,Part I Violent Crimes % Cleared (%),38,29,46,39,,17,75,50,44,36,38,
2014,Part I Property Crimes,1020,527,308,956,33,291,543,371,249,216,4760,4514
2014,Part I Property Crimes % Change (%),5,-20,-19,1,-21,19,-30,-6,-14,-21,-9,
2014,Part I Property Crimes % Cleared (%),3,3,9,10,18,7,4,7,11,6,7,
2014,Part I Total Offenses,1062,544,321,1072,33,297,547,381,265,230,5021,4752
2014,Part I Total Offenses % Change (%),5,-18,-17,4,-21,17,-30,-5,-14,-19,-8,
2014,Part I Total Offenses % Cleared (%),5,3,11,14,18,7,5,8,13,8,9,
2014,Part II Total Offenses,1643,343,362,606,58,401,725,420,1287,533,6849,6378
2014,Part II Total Offenses % Change (%),17,3,6,2,-2,-6,21,-4,132,26,15,
2014,Part II Total Offenses % Cleared (%),70,51,78,43,71,64,71,59,91,27,66,
2014,Part I Violent Crime Arrests,11,5,3,41,0,14,3,4,20,3,107,104
2014,Part I Property Crime Arrests,24,4,10,73,2,22,21,26,29,2,241,213
2014,Part I Arrests ,35,9,13,114,2,36,24,30,49,5,348,317
2014,Part II Arrests,728,154,247,260,11,172,478,233,1233,110,3806,3626
2014,Other Arrests,219,29,42,114,30,52,44,431,33,15,1056,1009
2014,Total Arrests,985,192,302,492,43,260,548,694,1315,130,5114,4961
2014,Officers Assaulted,7,3,1,43,0,1,4,1,4,1,71,65
2014,Bias Motivated Cases,19,3,6,8,0,1,2,0,0,0,40,39
2014,Weapons Related Cases,40,9,12,108,0,7,9,18,10,7,232,220
2014,Domestic Violence Cases,3,7,32,59,0,14,19,6,11,10,165,161
2014,Alcohol Related Cases,315,161,216,222,6,64,472,57,631,34,2186,2178
2014,Non-Criminal Reports,2193,611,872,358,158,299,538,834,464,347,7551,6674
2014,Traffic Accidents,90,109,121,138,13,33,124,90,40,65,853,823
2014,Alarms,1635,1533,1262,1669,380,986,906,1929,292,764,12275,11356
2014,Stolen Property Value ($),247651,350995,809452,1172731,9027,167762,535995,383047,91858,171824,4148511,3940342
2014,Recovered Property Value ($),14507,26220,129646,116237,1635,36167,38391,49158,19985,5595,495116,437541
2014,Property Percent Recovered (%),6,7,16,10,18,22,7,13,22,3,12,
2014,Total Population,54035,56537,44748,76133,7701,27800,57962,27736,32573,21009,,
2014,Police Ratio,1.24,0.48,0.63,0.84,1.56,0.94,0.62,2.02,0.83,0.9,,
2015,Part I Violent Crimes,35,22,20,59,11,13,6,14,31,21,259,232
2015,Part I Violent Crimes % Change (%),-17,29,54,-49,0,117,0,40,94,50,1,
2015,Part I Violent Crimes % Cleared (%),37,18,5,49,100,31,33,71,29,48,37,
2015,Part I Property Crimes,771,603,404,730,23,295,507,436,210,345,4598,4324
2015,Part I Property Crimes % Change (%),-24,14,31,-24,-30,1,-7,18,-16,60,-3,
2015,Part I Property Crimes % Cleared (%),8,4,2,17,9,11,7,6,7,4,8,
2015,Part I Total Offenses,806,625,424,789,34,308,513,450,241,366,4857,4556
2015,Part I Total Offenses % Change (%),-24,15,32,-26,3,4,-6,18,-9,59,-3,
2015,Part I Total Offenses % Cleared (%),9,4,3,19,38,12,7,8,10,7,10,
2015,Part II Total Offenses,1116,388,430,1406,59,286,464,263,1456,470,6905,6338
2015,Part II Total Offenses % Change (%),-32,13,19,132,2,-29,-36,-37,13,-12,1,
2015,Part II Total Offenses % Cleared (%),69,57,41,84,46,62,61,49,90,16,68,
2015,Part I Violent Crime Arrests,15,3,1,44,2,3,2,3,9,4,87,86
2015,Part I Property Crime Arrests,68,11,10,88,0,32,27,22,16,5,308,279
2015,Part I Arrests ,83,14,11,132,2,35,29,25,25,9,395,365
2015,Part II Arrests,890,219,187,349,6,151,233,106,1424,77,3879,3642
2015,Other Arrests,187,12,19,118,11,36,31,241,41,21,765,717
2015,Total Arrests,1162,245,217,599,19,222,294,372,1494,107,5046,4731
2015,Officers Assaulted,3,1,4,34,2,6,1,1,1,2,63,55
2015,Bias Motivated Cases,19,5,0,7,0,0,0,0,0,1,32,32
2015,Weapons Related Cases,26,15,2,95,2,7,8,9,16,3,194,183
2015,Domestic Violence Cases,5,9,27,63,2,9,22,4,18,5,171,164
2015,Alcohol Related Cases,207,168,47,2606,0,57,210,20,993,19,4351,4327
2015,Non-Criminal Reports,1555,719,521,308,194,285,541,763,670,416,6701,5972
2015,Traffic Accidents,35,134,31,115,27,28,94,75,72,59,695,670
2015,Alarms,1801,1533,1396,1543,460,847,797,1934,324,1128,13237,11763
2015,Stolen Property Value ($),492585.75,409250,411897,781016,27864,216617,509202,420302,114673,418998,4005001.75,3802404.75
2015,Recovered Property Value ($),40503.84,37573,85941,99055,6950,79858,92626,6965,21642,89653,634197.84,560766.84
2015,Property Percent Recovered (%),8,9,21,13,25,37,18,2,19,21,16,
2015,Total Population,52815,64816,41429,76386,8139,27707,63124,28573,33582,26859,,
2015,Police Ratio,1.23,0.74,0.8,0.84,1.47,0.9,0.65,1.96,0.92,0.74,,
2016,Part I Violent Crimes,43,8,18,75,1,9,13,12,48,13,251,240
2016,Part I Violent Crimes % Change (%),23,-64,-10,27,-91,-31,117,-14,55,-38,-3,
2016,Part I Violent Crimes % Cleared (%),26,25,6,53,0,22,31,67,29,31,37,
2016,Part I Property Crimes,707,555,318,783,51,297,426,467,288,347,4471,4239
2016,Part I Property Crimes % Change (%),-8,-8,-21,7,122,1,-16,7,37,1,-3,
2016,Part I Property Crimes % Cleared (%),8,1,4,17,14,9,7,7,12,4,8,
2016,Part I Total Offenses,750,563,336,858,52,306,439,479,336,360,4722,4479
2016,Part I Total Offenses % Change (%),-7,-10,-21,9,53,-1,-14,6,39,-2,-3,
2016,Part I Total Offenses % Cleared (%),9,1,4,20,13,9,8,8,15,5,10,
2016,Part II Total Offenses,793,363,477,637,126,367,433,322,1091,493,5724,5102
2016,Part II Total Offenses % Change (%),-29,-6,11,-55,114,28,-7,22,-25,5,-17,
2016,Part II Total Offenses % Cleared (%),64,55,37,50,13,56,50,60,84,23,55,
2016,Part I Violent Crime Arrests,10,3,1,41,0,3,3,7,14,3,90,85
2016,Part I Property Crime Arrests,67,6,12,113,3,27,35,27,25,7,338,322
2016,Part I Arrests ,77,9,13,154,3,30,38,34,39,10,428,407
2016,Part II Arrests,568,194,178,317,11,148,183,156,999,105,3099,2859
2016,Other Arrests,131,17,24,173,30,47,35,220,44,32,816,753
2016,Total Arrests,776,220,215,656,43,225,256,410,1082,148,4355,4031
2016,Officers Assaulted,6,1,1,26,0,4,4,1,14,0,63,57
2016,Bias Motivated Cases,27,1,0,7,0,1,2,1,0,1,40,40
2016,Weapons Related Cases,35,14,5,12,0,2,4,10,20,7,135,109
2016,Domestic Violence Cases,7,10,14,62,0,5,25,11,15,11,169,160
2016,Alcohol Related Cases,212,185,94,191,0,29,139,10,643,52,1581,1555
2016,Non-Criminal Reports,1761,760,581,1370,287,291,656,827,570,319,8338,7422
2016,Traffic Accidents,64,137,56,120,19,46,105,74,55,42,761,718
2016,Alarms,2269,1632,1351,1657,462,741,680,1665,278,868,12879,11603
2016,Stolen Property Value ($),332686.92,1419536,303453,790257,44749,300053,402901,459860,122967,241756,4695954.92,4418218.92
2016,Recovered Property Value ($),59883,167274,51302,209327,5591,150211,153560,7854,17483,32303,936969,854788
2016,Property Percent Recovered (%),18,12,17,26,12,50,38,2,14,13,20,
2016,Total Population,52815,64816,44657,76386,8139,28039,66487,28997,34232,22077,,
2016,Police Ratio,1.23,0.43,0.67,0.82,1.47,0.82,0.66,1.93,0.73,0.95,,